0111201803
0112201802
0112201911
0113201602
0113201711
0116201612
0116201707
0116201806
0117201606
0119201607
0121201708
0123201905
0124201708
0124201809
0126201810
0127201816
0211201813
0213201707
0213201807
0214201616
0214201912
0215201612
0215201716
0215201816
0216201714
0216201810
0217201608
0217201715
0217201810
0217201907
0219201609
0219201703
0221201802
0222201803
0222201906
0223201808
0226201611
0226201915
0227201803
0228201603
0228201716
0228201809
0228201901
0229201608
0229201704
0229201905
0313201802
0313201903
0314201914
0315201906
0317201616
0318201611
0318201703
0318201805
0318201915
0319201815
0320201802
0320201914
0321201807
0322201703
0323201702
0324201904
0326201907
0329201611
0329201801
0329201910
0412201814
0412201901
0413201712
0415201704
0415201803
0417201704
0417201813
0418201606
0419201708
0419201909
0420201609
0420201904
0421201802
0422201615
0422201712
0422201815
0422201910
0423201912
0427201805
0427201905
0428201705
0428201804
0428201902
0429201609
0429201810
0515201615
0516201605
0518201607
0518201802
0521201715
0521201811
0523201615
0523201911
0526201815
0527201909
0528201612
0528201704
0528201809
0528201910
0611201809
0612201611
0613201705
0614201612
0614201814
0615201707
0616201710
0617201703
0618201706
0619201610
0620201614
0620201703
0621201911
0623201612
0623201907
0624201716
0625201716
0626201715
0627201902
0628201807
0629201603
0715201606
0715201712
0715201806
0715201915
0716201603
0717201607
0721201602
0721201802
0725201616
0726201806
0728201715
0729201614
0729201808
0812201711
0814201708
0815201615
0815201803
0816201603
0816201801
0817201905
0818201611
0819201702
0819201912
0823201709
0824201609
0824201802
0825201614
0825201712
0826201704
0826201611
0826201801
0827201807
0827201906
0828201715
0829201702
0913201606
0913201712
0913201812
0913201907
0916201610
0919201605
0919201703
0921201615
0921201706
0921201806
0921201910
0922201710
0923201608
0923201703
0923201814
0924201711
0925201616
0927201806
0929201801
0929201912
1013201909
1015201914
1017201704
1017201805
1021201802
1023201815
1025201609
1025201708
1025201912
1026201701
1027201609
1027201909
1028201613
1028201813
1029201712
1029201916
